1730
4192826
-618
-4193121
-1605
-4193580
4194220
4194154
1687
4194224
144
-4193995
-1052
521
122
-416
622
4193916
4194033
-4194287
-1088
-62
385
-1385
4194244
902
-291
1046
4193621
-4194279
693
4193722
-4193088
4193982
4193887
373
102
4194190
4194047
4194197
-441
436
4193830
-4193666
4194115
4193541
-4194110
-4193983
-221
423
4194231
-280
-4193931
4193546
4194287
4194164
496
-613
4194190
4193598
-9
4194057
-112
-4194021
-4194206
-4194093
257
-394
4194156
4193793
-4194216
4193866
4194174
-4194209
4194270
553
4193702
-4193424
-489
57
-4193571
-435
525
232
-638
-4194300
-4193652
124
-4193955
-4194259
-4194113
157
-199
-420
4193939
4194172
602
-727
-867
214
-1069
-439
270
4194277
266
-4193706
4193848
305
-4194124
-502
-4192761
-506
-4194090
-436
4193476
1424
4194192
-736
-4193088
-293
388
-4193405
-75
-4193067
71
176
-4193596
-757
-4193503
97
-512
-4193696
-4193914
-1145
-60
-335
-4194272
862
-184
-125
4193310
4194106
-4193923
4193628
4193902
713
-4194188
4193773
-4193318
-1070
-4194014
-4193629
-1714
-240
4193495
-55
-4192711
-1459
-4194284
4193841
-944
427
685
4194119
-4193433
-4193734
4194103
1189
4192960
4194025
-4192884
-1304
-4193837
-100
105
184
4193980
4194265
-4192853
4193716
4193763
-4193406
4193423
650
4193878
-549
717
4193786
4193435
-265
4193520
-4193842
523
-690
1227
4193332
-22
-4193991
-657
290
235
-4194045
4194169
-535
-4194131
-36
4194238
-4194227
4193699
4194014
-4194217
-4193546
-220
4194269
218
4193482
-4194047
4194091
333
1008
4193461
1416
193
4193808
-79
4193869
-239
407
453
4193708
738
4193092
422
-373
4193420
96
-612
4194223
-4193819
4193868
-4193745
-4194138
-1168
737
4194140
-909
-4193617
-4194225
-659
658
-1191
531
509
-4194017
-4193732
979
4193619
196
-428
-295
523
-274
-356
182
4193643
-4193786
-4193946
-4194233
-4193858
4193773
-293
-4193436
4193526
-4194074
740
-29
64
-247
81
-4193648
-4194171
-765
-4193026
-414
-286
923
4193450
474
-4193459
-46
-4194147
-535
4193701
663
-447
-4194018
-4193977
4193356
251
-4193814
4193698
1294
4193404
4194201
899
4194124
957
-33
4194243
721
-954
170
24
-326
-376
628
4193375
821
421
-4194289
-4192816
4194008
-4194140
-4193181
-1136
93
4194281
4194193
-4193450
-4193689
-1016
-4193385
-669
4194144
-4193588
4193653
-4193939
4193966
-1522
-4193559
-394
4193796
-4192854
-371
-549
833
-116
608
-4194143
-453
-90
-747
4194302
-4194201
-712
-4193899
771
-1045
-4193924
-4193561
4193745
507
4194188
-187
975
-836
-4193873
314
-399
-4193635
-567
-1242
876
-215
4193833
1053
4194141
4193794
64
133
-17
4193537
4193964
-31
4193937
4193217
207
-1161
953
-4193280
-1118
-4192715
-4194280
-568
-4193939
4194016
-4193481
-37062
1658
4185923
-4193166
-1009
-4192009
4193619
1673
965
-6779
4191345
547
-4188945
-4192980
598
-5428
-4191519
-4261
-1058
-4191949
-4190625
-382
4191583
434
-4192021
-1461
-1427
-365
2187
571
-4192755
-1078
-591
482
-1085
-4193949
-1021
-474
550
495
4193988
-4193595
-417
-4193794
-4194035
4193268
-4194072
416
-4194234
527
4194301
-4194046
683
-4194095
4193979
-4194027
4194071
-4193835
-590
4194113
418
-376
4193458
4194154
4193436
271
1092
141
-4194294
4193995
4193509
-4193890
4193996
-596
-4193743
4193453
1607
4194141
4193811
1264
4192640
-4193835
278
4193151
-4193901
45
4193976
390
-4194254
4193618
686
-1019
95
-4192900
4193696
333
874
4192988
-4193526
-448
-34
934
4193711
246
-136
4193540
-4194121
-362
-4193968
23
-4193564
-507
727
154
-1260
667
-765
135
-109
-863
511
-4193994
-4194255
-4194097
4193787
-4194182
418
4194294
4193917
-4193523
-426
580
-4194028
109
-4192869
4193707
275
-4194152
4193151
171
-44
-611
-4193696
4193249
-4194161
1002
-60
-4193580
914
4193984
645
301
4194010
-789
76
-802
-4193298
-820
-676
-4194082
4193034
468
162
4194065
417
-478
4194031
363
4193609
4193982
-4193804
4194096
-733
173
4193579
161
-188
457
1113
4193962
451
4193426
-4193611
-4193784
-566
364
-323
-4194059
-604
-4193812
-403
-575
459
4194025
533
-58
-4194075
1635
-747
242
-4193757
4193558
962
-418
4194154
226
-375
4194162
-4193400
62
4193691
555
4193758
1151
4194095
-4193489
592
-1216
268
81
-1592
98
4193740
-4193693
-4193654
4193989
1005
4194196
4194179
-825
4193922
151
-4193706
109
4193655
417
-7
-786
-4193755
104
82
4194035
-495
-4193962
-4193696
-566
-774
15
313
4193697
262
-4193900
-4193911
4193435
-4193998
-4193736
4194030
-4192660
-119
4194301
686
-211
-2
-107
4193888
824
4194107
4193620
1017
4193828
4194098
-4193085
-426
4194274
-4193861
4193522
865
111
4193958
4194274
4193908
-465
-7
-553
66
1234
4193308
-4193740
4193846
-919
-4193011
-702
-675
-4194037
-4194178
-25
-32
278
-66
4193844
4193741
762
-694
61
-4192730
4193743
483
551
4193263
-4193636
291
-873
381
4193970
373
1146
4192494
861
-4194085
4192637
1184
-818
4193286
981
-1032
-4193706
4194287
-616
-4194037
4193854
-4193977
1816
-334
4194158
562
-1186
-218
-4193299
4193852
-4193702
4193940
-157
577
4193149
428
527
967
106
-4193522
550
121
498
-864
177
4193725
-861
1041
4192924
-4194185
-4194034
-343
-4192977
4194173
-413
1230
127
4194179
374
-1012
4193921
-4194203
-4194301
316
4192930
-369
-4193966
4192986
-223
-4193798
4193977
-4193612
230
4193833
998
4193644
4194040
-4193960
4193089
-4193112
-232
-4193881
-4193372
-187
-264
850
-1187
-41
-184
-721
-4194094
311
4193078
4194301
-989
4193962
-4193653
4193382
86
474
-681
-4193392
-411
-236
357
4194201
4194102
-4193114
-833
4194155
842
4193836
-4192925
-53
162
-4193661
-708
84
-9
4193936
-4193135
4193845
4192997
360
4194290
-495
794
-786
1090
1338
4193855
-4193331
4194278
-4193798
-210
4193151
-2
-4193990
4192506
-4193882
4194043
-334
-4193445
49
50
-4194013
4192975
-4194145
4194201
4193303
-4193968
65
273
-4193691
-724
-4193631
492
-938
-4193101
671
22
583
4194194
-4194233
4194285
-510
4194191
720
4194213
-4193688
266
-453
-4193562
4194088
-933
-4193948
-503
-411
-4193799
4193773
-277
4194028
-221
-4193430
-446
294
1028
891
450
309
4193697
-152
655
4193233
-194
-4194299
4194225
4193056
4194027
-467
-524
392
-4193689
707
4193774
4194269
505
4193244
211
360
4193653
715
-307
-4194278
1325
4193371
72
236
-1159
-4193626
-4194196
4193788
656
4193185
-4193695
708
-1907
-4193024
4194250
-1402
-4193827
-592
-813
939
-1165
-4193722
4194055
4193285
-4193575
-156
-522
-4193773
79
-4194048
-4193185
4193869
-317
586
4193308
246
-170
-636
4194123
-394
-4193541
4193996
-907
800
4193556
4193902
1544
-86
-4194181
670
4193950
495
1222
237
174
4194120
4193982
-68
4193281
-4194013
-4193705
4193401
-4193841
-4194291
4194192
667
4193897
-170
-4193676
4194020
-45
-4194206
-402
4194043
-1099
-545
-4192966
-957
4193961
972
4193627
826
-338
4194159
-4193646
473
588
-4193658
-4193605
-387
193
-97
4193346
-4193517
-302
431
-4193462
4192983
797
-418
4193318
-4193747
4193016
-4193564
1599
-717
-4193460
-106
337
4194286
4192893
686
836
4193795
-4193726
-201
-555
4193660
-18
-4194002
-4193820
351
110
-4193960
4193410
-4193753
4193980
-436
177
4193614
-107
484
-1403
4194193
-478
-646
-4194123
-4194001
-4194170
462
-197
-4194166
353
4193690
4193769
196
4193099
-4192985
169
-577
-4194051
-44
-4194287
-117
4193898
-4194145
670
-334
780
363
4194031
191
-343
-264
-4192412
4193791
-4193646
-4193108
-58
-148
4194066
4193712
-4193868
4193944
4194022
566
-935
730
-4194179
-1234
1259
4193463
293
246
4193336
-4194087
4194242
4193852
188
4193116
-4194283
999
4193349
4194129
-4193302
-1068
-4194277
385
4194289
1214
4193653
-441
-4193359
-1324
221
-136
4194024
-4194076
162
468
-4193739
-27
4194217
-4193105
4193739
-79
1318
4192942
182
462
-635
-4193693
4193162
-252
4193905
4194211
1449
-4193668
-1803
4193504
-496
-186
2773
-4193977
-1001
-836
4192501
313
1988
281
383
-1825
-1446
-1115
-4194030
3522
-552
-2731
143
-1686
-467
-4191245
-18
1174
4193749
-2014
-2727
-115
1935
-4189917
-4606
899
-4193869
4193725
-1459
2751
-4193236
3455
-363
-2728
4193028
196
-732
-4192290
-4190261
-4256
4192497
4192979
-2197
4193831
-4192583
-4189982
-4193587
4194083
420
-68
-126
558
-1240
4040
-470
4193184
4193568
-4193970
4191139
1924
4194180
-4190779
4191048
4192788
-4193782
-4193022
-5633
4193636
852
-4191141
348
-4191375
-2392
-4192508
4186655
4191900
4194001
3050
1468
4193874
4191870
4194132
-1695
-2259
-4193200
-4193099
-4188475
4190977
4192451
4190808
586
-4179
-4193893
4193181
-4190781
-4190139
-4357
-4192967
-1858
-4192102
4191543
3575
1234
3794
-4192534
4191592
4193946
-2151
189
4189496
-4193860
-4192396
-4190452
-537
4189911
-815
4192175
-4192395
4190141
2239
-4192373
-4192703
-4193810
-5089
-4193567
4193976
4194294
-1843
1879
-4192871
-4192492
983
4189685
-4192018
4193109
119
-2002
1615
1602
768
424
4191713
-4193258
-4193899
-4193840
4193289
-4192801
-4190719
4194283
-4192433
-2281
-4194071
-4193469
4192822
4191765
1288
-4193796
1158
-4193176
4192807
4193988
-4193539
4193234
4192286
367
1136
-4190641
4194283
4192434
-1945
-4194299
788
-2126
-4193978
2551
2449
-4192789
-956
-2530
2739
-4194007
4191628
719
1835
847
2838
4188861
-1
-4194232
4193228
-1630
40
-4190182
2832
-126
4188741
-4191588
4189610
2735
4188260
-4190987
-4193219
4618
-3881
4193532
-2147
2355
4192221
499
2127
-4189838
4656
-3565
-4192398
4190174
2225
-5389
1961
-4193318
3728
1661
4190776
4192807
-148
427
-3194
-4192986
1809
-4190893
4193343
-2191
-1674
2232
-2121
1158
-4193248
-4190660
5139
-6939
-4193122
-1915
958
4190831
1803
-414
-4188286
4192435
-2978
805
4193167
-4193258
-1245
-4192940
2699
4031
-3253
4192984
-2190
4194296
4192755
-1674
1987
-4191409
2133
4191072
-1180
4193756
932
4192793
-4193424
-4193025
2021
91
-3847
4192271
67
-366
-1947
-4192796
-4192677
2148
-217
-3223
414
-4193318
4193759
4193195
1461
1436
-4191443
4192408
4193165
4193820
-4193620
-4194249
-385
1306
1564
-4192737
-2374
-474
4193530
617
-4194152
4194274
1696
-39
-431
-1199
4193447
-4193608
-4193979
-874
1439
797
-764
-679
4193651
4193056
-172
25
-4192029
-39
-1685
-674
4193506
-777
-2356
-297
-4194013
1968
307
-131
-4193765
4194097
178
178
99
1055
-507
4194024
-325
-472
-4192648
628
4193308
4193979
1184
-917
-523
-743
66
4193628
-1438
-4193493
552
-1145
4193696
4193409
4193017
4194154
4192326
2471
-4192471
4193408
-4193922
-4193677
-1464
-4193282
924
-250
935
4193916
-770
4193858
-487
4194213
-4193678
4193808
-4193152
4193458
-51
1033
-1566
-4194192
830
4193039
-4193072
-21
-1225
-536
-568
-4194154
4193672
4193839
-4194100
-4193747
-806
-4193137
-599
-57
990
-845
-1253
-4193552
-1800
-552
17
190
-4193781
44
-4194100
-4193062
-584
4193737
-4193779
-558
309
-4193074
4193168
-4194275
4194300
-391
-4194177
4193553
637
4193853
-923
-4193749
-4193784
-296
-4193897
334
4194024
-4193406
362
-4193527
-4194150
-1091
-705
4194127
65
-4192774
-1336
-4193909
-4192135
4194254
-90
4193693
385
4194297
4193121
4193844
-4194002
4193953
4194277
1434
-4193921
984
-4193664
-184
-4193631
170
-1293
831
-4194024
1498
796
-1675
-509
-234
-1181
-14
1017
-823
803
-4193708
4193687
-4192846
4193616
-409
4193529
-1023
-4194230
4192694
4193415
-4193099
4192929
-351
1541
-3641
1014
4192800
-4194169
4194149
881
154
-4192555
23
824
-4193368
-2632
4193171
-594
-1667
4194293
4192614
1584
-684
-984
2009
4192980
1911
-4193574
-4192922
1523
-4192182
-115
278
-4194128
4192237
-4192584
4193130
4194253
4193985
-623
399
-1342
-3530
4191231
4193071
522
1747
-4192370
4194219
337
-4193957
-474
-4194286
4193521
410
-4192248
-499
-4
4194292
-442
7
-4192881
-903
1314
-75
-4193786
3083
4194050
654
1402
-4193777
-4193117
659
-736
4194284
629
4193737
2024
4192829
4194257
-465
4192853
-4193948
-1806
-530
-4193959
4192855
4194165
4193986
-205
-4193809
28
4193602
-4193248
-238
1254
-4192730
-922
4194008
-382
-896
-452
339
-4193868
-4193472
851
-252
136
-713
-4193680
-4192878
-1395
-4193412
-4193220
4193678
-4193779
-576
4192901
-4193539
-1309
-649
-4194268
4194173
538
-536
4193993
-4193679
4194169
93
553
4193932
4194237
-4193613
-341
796
-4194278
-4194200
-4193669
4193864
-292
538
-1121
-4193511
-4193894
4193972
-4193824
-4194002
4193367
1089
4193213
4193815
906
-4193828
808
-1391
-1811
-312
-266
-4193050
-4192314
4193247
4193617
-110
4192322
-4193748
1971
518
2568
4192484
-209
449
-546
652
-255
60
1089
-773
4192791
-193
4193975
82
-4193652
-4193690
-4194033
4194151
-743
-4193704
-4194222
1196
1623
4193068
-24
-594
-1177
4193930
-4192850
614
4193752
4192755
-187
861
4193917
-1167
193
-207
-4193888
4194226
-88
307
-848
4192612
-4193531
702
4301
4193882
-437
-4193334
158
-2940
919
4194013
-4193901
-4192588
-1220
-1400
-4194248
-1828
4193954
322
895
-4192133
-210
-1676
-4192808
4193239
-687
-562
125
1224
1011
-4192635
-1027
4192640
327
-1308
-1728
1403
-4193406
501
-4192654
-1746
-428
598
4192084
-4193727
1010
-4193320
1226
890
4192700
-4194065
4193706
4194296
-1068
394
69
-4194030
4193411
-319
-4194033
-669
1646
-1434
573
-4192515
-4194166
1578
4193526
-675
4193691
4194157
-2379
-4193292
-4193988
-4192842
-4193753
4193272
-433
4194066
4193840
-4194218
-117
195
-4192926
435
4194031
-1628
424
1426
-1305
-158
-4193253
-4193650
-4193534
-4193686
-2370
-516
68
-752
4193727
-4192222
1877
793
-4194184
-717
-92
-1143
4193891
4193437
-136
-4192377
4193872
-224
-4194275
4193189
-232
4194265
-840
-4193360
-4191787
-4194101
-4193586
742
-1902
4194141
4194076
4193151
394
-4193758
-4193268
-78
4193592
-885
-1945
-511
-4194145
-2161
1797
1771
-326
1824
4191938
4193548
-4194192
4193698
-239
1550
-4192967
210
432
4191535
-1652
-619
-4194241
-4194243
-4193644
-4192400
-4192386
4194150
4191989
-213
212
173
-682
-4192362
-4192268
905
-181
4192525
4192025
-202
-363
4193921
2657
1924
811
-560
4191531
-859
1438
-2357
898
-4193326
919
-4192068
4191028
-2054
4193946
4193467
4194164
-199
-4193867
3281
-4193125
-2128
-1563
-1279
-4193280
4192468
4193255
2050
1536
-4192488
-1822
-2427
-595
1094
4192004
-4193305
1001
-4193226
-4192527
-145
-1990
4193499
4193506
4193753
86
-4193915
2913
-4193622
533
4194004
-1245
570
792
4192852
458
-4193277
722
1109
4193293
4192574
4193745
4193017
-1273
-413
567
-4192291
614
-4194209
-437
4193941
292
-1407
-404
1285
870
282
-4193994
4194100
-941
4193600
-129
-1021
782
1902
-4193997
670
4194262
4194280
4192896
-1665
4194053
16
-4193824
134
490
4194261
-272
4193410
-1279
-120
-4194299
-4193259
1275
731
-4193548
4193371
4193428
-230
4192170
153
-4192070
657
-4193418
-4193532
-450
-1702
-1302
4193175
4193985
1162
-100
1811
4194228
-75
-1139
4192625
711
4193484
-4194271
2750
-4193935
-4193352
-348
4192212
212
4194091
-1053
928
-4193968
441
-4194085
-997
125
4193034
-938
-371
398
-4192915
1806
-1227
-4193441
-4194168
-1580
4193855
-240
71
1476
-325
10
-4193984
4192314
4193942
-897
4194059
1204
-4193617
-4193731
-4192444
-403
-995
4193836
4193061
4194136
-990
676
-4193231
4194138
-840
647
4192714
4193492
-4193746
619
-4192647
340
123
-4193592
-736
-1720
-836
-801
-4193758
-4193826
-4193947
1221
-4194236
-710
4193883
-201
-253
968
343
891
1475
-567
-680
-1212
4192805
775
-4194048
-4193162
1650
4194176
217
-4193956
-1988
453
-999
547
1454
4194050
-4193977
1488
-1564
-1092
-4193995
-1071
-4193796
582
-4193757
-4192971
-749
-1061
363
4193273
4193924
-4194066
-4194042
440
4193600
4193717
601
4192715
-626
-122
-353
1095
380
-110
-4193611
4193214
-4194074
182
-4193864
4194273
1262
-4194133
-4193115
-4194127
-443
-172
-1509
-971
339
338
1941
1086
178
-348
-1274
4193965
1000
4193036
-4193437
1487
4193498
4193978
-4194143
4192661
4194004
-809
-675
-4193713
-4194101
-4192685
792
-1384
4194107
-1299
-1067
69
-54
-4194180
1200
-956
-4194260
-12
-1081
441
4193655
4194013
-4192231
-223
-422
441
-649
-927
4194252
4193341
-4193602
-4193973
-4193392
-4192659
-149
-4194136
-62
4193244
4194275
424
-351
-4192740
-219
-1063
-4192821
4192857
4193658
1059
-1019
-4193890
-4192751
641
1036
-798
4193501
4193611
-2816
-234
4193979
-1482
2130
88
-4194269
-4192678
-1359
-32
1206
4193502
-557
1042
873
-4193358
4193154
4194009
4193072
-1881
-302
-4193789
4193808
-4191514
1936
-4193705
-4192940
-4194201
-562
546
-839
-376
4193872
422
713
-4194043
9
-4193653
-1727
592
423
-749
-4193201
474
4193929
229
4192423
-1600
-883
4193844
378
-4193801
741
1481
-4194036
147
216
-2133
-1073
879
4192259
75
-4192962
4194109
4194189
-4193747
-222
-4193996
-4194301
4194095
-4193665
-4193898
480
-4194150
-884
4193351
4193416
4193632
-4193675
44
-4194095
2366
702
-4192857
-4192630
4192811
-480
-1366
-753
4193799
4194155
-4193520
1344
4193316
-4193477
323
-1034
-4193269
4193628
-4193269
-4192821
846
-4194063
149
-559
-1048
4192797
4193656
557
-4193431
-4192858
-4194043
348
-4193818
-166
-1234
6
376
4194052
729
423
-184
-4193847
-1775
4193072
4193871
4193486
229
-4192259
1186
278
-252
-773
-4193747
4192365
4193542
-4193176
4193851
-4192434
1039
-108
1432
4192466
-461
4194030
-1034
-4193469
959
-4194265
4194165
-49
-1008
4193523
-602
4194164
-4193166
577
-4193137
556
274
318
4193554
-1139
-730
-535
4194185
1594
4194240
-4193613
1384
-1446
-4193460
-91
-751
-4192490
-13
-4193760
-4193537
4193549
4192687
4193587
4193173
4193728
-1055
1056
877
-211
-4194292
1458
-1768
4194040
4193813
4193336
-4193801
-4193916
284
-4193864
-143
-136
-1767
4193606
-4193886
76
714
1208
1022
4194280
-173
-1108
-594
59
-95
1910
-4193869
741
818
-4194041
-251
4193282
-915
4194165
4194288
1097
-163
-4193863
-7
4194276
-718
4194153
-70
4194006
526
1093
-908
-4193842
-4193929
-1589
-171
-756
-277
-4193135
711
488
125
-313
4194027
-1143
-394
-4193987
-4194204
1498
1781
-727
487
-461
-633
-1435
-84
1374
1713
4194121
-4193452
988
-852
4193953
4193210
-1336
-4193835
-4193871
4194255
-4194210
4192993
-908
-525
4192389
-4193743
771
730
-4192466
-4193857
-4193745
101
4192364
4193900
-11
-1041
2059
617
-4193478
513
4193556
4194168
1148
4193591
-380
507
1195
540
4193771
4193780
4193916
-1787
325
-4193225
102
809
-4193242
-4194242
369
-646
4193595
-302
-1337
4193364
-4193395
5
-4192731
-4193814
-450
-531
4193290
-236
179
-101
504
4194205
-1632
1256
4192766
-1014
-4194301
4193423
1247
-4191956
-4193892
-4193500
665
-872
351
-1685
4193225
811
-178
-4193124
148
4194277
616
4193773
-1206
-4193844
-4194150
-4193194
-4192373
-740
-4193454
4193786
4191752
1075
4193581
4193714
-4192301
4194006
1361
-4193970
-1326
78
4193202
4192258
1050
-342
887
1104
-1928
-4193050
501
4193122
564
-23
478
-4194052
-261
-674
4193139
4194281
-34
212
-4193173
259
-4194120
-4193530
-4194075
-4193506
-4193984
797
-4193599
121
556
4194050
-223
-4193666
-615
-113
-1260
-977
410
-997
4194256
-4192892
91
375
766
-4194030
-4193674
-187
-1042
-1186
-1662
500
-319
-229
-4194178
4193742
4193948
920
-195
278
-4193420
4193717
4194192
90
114
-218
374
-4193313
657
112
-4193708
380
4193469
-694
4194077
-888
-4194158
-4193508
-4193684
1213
365
4194021
-4193778
4194170
203
-4194058
547
-4194091
4193861
-802
-4192956
-518
4193531
902
-1208
11
-4194146
4193859
579
1
700
-4193073
4193827
-4193747
-4193489
51
4193722
-684
-1075
204
-862
4193699
-4192612
4193464
298
-4194077
-381
4194299
-914
-4193505
683
-623
-4194053
112
-1385
-207
-162
4193351
-4194126
4193312
4192902
-4193268
-4193810
433
-4193533
-4194215
-4193563
4193900
4193768
-4193417
-476
4194053
-4193117
-618
-345
-4193381
430
450
-207
4193607
4193853
-462
4194068
320
4192909
-4193316
-4193231
-342
920
942
-138
30
4193673
-1332
407
-1357
336
533
-229
1302
-481
-512
-4194140
-1750
-102
594
4192572
4194256
-4194108
-559
-4193088
-153
-4193963
980
-624
4194110
4193965
-849
933
4193867
-4193850
1488
-107
810
620
-309
-4194127
4194020
-1704
4193818
4193815
-4193914
-4193517
-4194223
645
4194270
4194154
-4193375
-430
4193189
-4193593
-622
-4193562
1026
-4193953
4193965
-4193160
4193711
-481
425
4192872
4194250
-759
4194187
583
213
-4194239
702
173
4194180
4194067
-1495
4193602
4193531
4193552
118
4194157
834
-4193351
344
1042
972
-1124
